-1 -0.81
-0.979798 -0.716871
-0.959596 -0.484223
-0.939394 -0.159967
-0.919192 0.216538
-0.89899 0.613508
-0.878788 1.00582
-0.858586 1.37417
-0.838384 1.70432
-0.818182 1.98637
-0.79798 2.21413
-0.777778 2.38453
-0.757576 2.49706
-0.737374 2.55334
-0.717172 2.55665
-0.69697 2.51156
-0.676768 2.42359
-0.656566 2.2989
-0.636364 2.14402
-0.616162 1.96565
-0.59596 1.77044
-0.575758 1.56483
-0.555556 1.35494
-0.535354 1.14642
-0.515152 0.944398
-0.494949 0.753386
-0.474747 0.577269
-0.454545 0.41926
-0.434343 0.281893
-0.414141 0.167026
-0.393939 0.0758648
-0.373737 0.00898238
-0.353535 -0.0336388
-0.333333 -0.0525636
-0.313131 -0.0488532
-0.292929 -0.0240084
-0.272727 0.02009
-0.252525 0.0812438
-0.232323 0.157001
-0.212121 0.244721
-0.191919 0.341637
-0.171717 0.444918
-0.151515 0.55173
-0.131313 0.659292
-0.111111 0.764927
-0.0909091 0.866115
-0.0707071 0.96053
-0.0505051 1.04609
-0.030303 1.12096
-0.010101 1.18363
0.010101 1.23289
0.030303 1.26785
0.0505051 1.28797
0.0707071 1.29303
0.0909091 1.28316
0.111111 1.2588
0.131313 1.22069
0.151515 1.16983
0.171717 1.10749
0.191919 1.03513
0.212121 0.954409
0.232323 0.867087
0.252525 0.775018
0.272727 0.68009
0.292929 0.584172
0.313131 0.489063
0.333333 0.396444
0.353535 0.307824
0.373737 0.224493
0.393939 0.147479
0.414141 0.0775053
0.434343 0.0149591
0.454545 -0.0401359
0.474747 -0.0881373
0.494949 -0.12979
0.515152 -0.166224
0.535354 -0.198931
0.555556 -0.229733
0.575758 -0.260732
0.59596 -0.294235
0.616162 -0.332662
0.636364 -0.378436
0.656566 -0.433831
0.676768 -0.500814
0.69697 -0.580835
0.717172 -0.674604
0.737374 -0.781818
0.757576 -0.90086
0.777778 -1.02845
0.79798 -1.15928
0.818182 -1.28553
0.838384 -1.39644
0.858586 -1.47777
0.878788 -1.51119
0.89899 -1.47363
0.919192 -1.33663
0.939394 -1.06552
0.959596 -0.618615
0.979798 0.0537172
1 1.01
